1.55159
4.652682
-1.977459
3.391426
0.646665
3.456996
3.45479
0.820728
-2.734126
0.335389
-4.607718
-3.665284
-2.283571
-0.376003
-1.261114
-1.574596
-2.276152
-0.639278
-1.234843
-4.39685
0.101423
0.559002
4.616569
0.400001
4.670336
4.689761
4.851229
-0.838706
3.156163
1.281468
-1.440349
-2.880102
3.764954
-0.680315
4.084127
-4.900252
-4.280051
3.838085
-2.150335
-3.715272
3.310438
-1.710833
-3.045715
-0.686284
1.273096
-0.714351
-4.756018
3.012567
-0.174465
2.586636
-4.384461
-4.951957
-2.823636
4.445042
0.737935
-0.045129
3.755574
-0.702249
-2.906081
2.737021
-2.724367
2.676342
-3.493879
-0.214815
-4.396362
2.551269
1.632892
-2.257609
-2.169694
4.473192
1.115303
-4.25742
-3.906418
3.606885
-0.8168
3.184432
-3.811405
-0.369309
0.890326
-4.012228
-1.072988
4.394676
0.75299
2.954392
-3.737402
-0.882329
-4.038664
-0.896591
0.538794
3.750658
1.093347
-2.891812
-3.451054
-3.693122
0.897281
-1.873682
1.21127
-4.084678
2.377619
2.573239
-0.968393
2.064157
-2.956099
-3.171916
3.446773
1.670886
2.673337
1.207466
-2.031288
-3.567207
-1.567446
-2.194255
-2.898142
3.894088
-2.67133
4.965195
4.982259
0.173295
-2.563663
-2.540062
0.620028
-1.185405
2.169587
4.309951
-0.577772
-2.57356
2.592659
4.406097
4.196515
2.242905
4.759656
4.863704
0.897174
-1.236329
-0.765299
-2.350257
2.974664
-0.881871
3.832739
3.563558
4.029696
3.492974
-0.457644
-3.171396
-2.032088
-0.565334
1.070734
-0.935809
-0.627597
2.323126
1.708381
-4.274319
-0.429645
3.166474
-2.23303
3.481145
-3.873241
1.242333
2.379778
0.319121
-1.881811
3.770027
0.370357
-2.151446
-4.522967
-0.260124
-3.398896
-2.049733
3.708895
3.003093
-0.166715
1.59728
-0.072783
4.074355
-1.791036
1.880579
3.612354
1.898869
0.489441
2.451074
1.536953
-1.815526
2.832151
0.21807
-4.770074
-0.386115
0.400659
4.464772
1.185164
-1.418632
-2.53851
0.252101
-2.222883
4.851231
1.034753
-3.019151
-1.848059
-4.547012
-1.740955
2.579704
0.475433
4.151754
-4.692055
-3.532708
-2.172517
-0.437804
1.902195
1.082981
-4.22021
3.552144
-1.832114
0.857036
-2.428314
-0.167463
4.441193
3.47986
1.211933
2.986656
-1.33022
-3.941235
-0.551856
-3.950689
-1.655396
1.597753
1.200698
2.178783
0.648717
-4.004953
-1.444145
2.070346
-0.432549
-0.357243
4.175572
-1.891143
1.582624
2.293422
-4.808255
2.319972
-0.063671
-4.270164
-0.871038
2.985343
1.80275
-2.401466
3.018992
1.041415
4.366484
-3.192613
3.368375
2.746107
-2.190633
2.528484
-3.309056
-2.42005
-4.418864
3.069655
-2.745909
-3.923813
2.388545
-3.37025
-1.237087
-1.444097
-4.535659
-3.348811
3.938214
-3.103849
2.193558
-2.346673
3.178973
4.807623
0.044927
-0.287973
-0.658885
2.451598
1.425295
-0.259952
4.049452
-4.679003
-4.922941
-1.112362
-2.105006
4.498576
-2.773733
0.066938
2.834459
-2.944589
-3.222768
2.216867
2.327701
-1.940155
-0.47664
-4.374792
4.730365
1.022964
-4.914719
-2.610038
-1.517318
-4.089017
-0.437144
3.879661
-2.466881
-2.646782
0.363871
3.003784
4.884125
-1.675112
4.365722
-3.322583
-3.105907
-3.157533
-2.417358
-3.396373
3.023287
-1.381095
1.482979
-2.337474
0.264607
-3.177847
-4.445525
0.805464
3.025252
3.501007
-0.711855
-1.006171
3.590922
1.418978
-1.632627
0.171893
1.855457
4.144058
4.177617
-2.801366
-1.74758
-1.247088
1.070889
-2.934759
-4.038975
-0.611375
0.471719
-3.40045
-2.918979
-0.039966
1.549679
-0.225407
-0.264751
-3.663951
-1.454933
-2.393374
0.509607
-1.766887
-3.984496
-4.514049
-1.057143
-1.084432
4.750312
0.391636
-1.617032
-4.819427
3.759767
1.744484
0.990254
3.498587
-4.609999
-0.687958
0.626204
-1.332559
-1.70241
4.217656
3.005176
1.152933
-2.017721
-2.233788
1.684755
3.054721
-2.933807
2.21689
4.739759
0.561316
3.810481
-1.846781
3.037282
-0.690597
-1.556132
-4.096011
-4.419139
0.218441
-0.146581
2.062684
0.926187
3.228661
2.407063
3.934229
-2.375267
4.444687
-3.295348
-4.930321
-1.243013
-0.742228
-1.807227
-1.935355
3.338528
-1.703019
-0.199552
4.766341
-2.066078
-0.571266
2.838105
-4.749456
-2.521602
-2.822841
2.408211
0.451838
-0.711311
0.949573
1.067422
-2.900769
0.935876
1.969861
4.32374
4.296026
0.902743
2.321287
0.760691
3.449576
-0.417121
-3.292439
0.91776
-2.032479
4.824131
-3.313711
0.767013
-3.926805
-3.845925
-1.666806
3.554581
-2.075434
2.705992
-4.246722
4.793381
-2.98922
2.329423
0.836722
-3.601042
3.496494
-4.62574
3.322026
0.779768
1.948442
-2.844292
0.033428
-0.151366
-2.588777
3.174915
-2.238809
2.998464
1.969803
4.913358
2.989283
0.063351
4.730975
3.773861
3.564137
0.298606
4.261249
-1.964659
-2.352387
2.395775
-0.451541
-0.887995
-4.472935
1.184564
0.699673
3.937747
1.499388
-3.943836
-0.285071
-4.399641
2.560459
4.854411
1.739865
3.490949
-2.155771
3.994269
0.975307
1.847309
4.217445
-1.839714
0.317425
-0.905896
4.791632
0.951114
-2.061179
1.982138
-3.10917
-1.69699
0.447126
-2.879603
3.496736
-1.740507
3.962889
