-4.05324
-3.884271
-3.703297
-3.510875
-3.307602
-3.094105
-2.871044
-2.639109
-2.399017
-2.15151
-1.897352
-1.63733
-1.372247
-1.102922
-0.830189
-0.554889
-0.277874
-2.109424e-015
0.277874
0.554889
0.830189
1.102922
1.372247
1.63733
1.897352
2.15151
2.399017
2.639109
2.871044
3.094105
3.307602
3.510875
3.703297
3.884271
4.05324
4.20968
4.353109
4.483082
4.599198
4.701099
4.788468
4.861037
4.918581
4.960921
4.987928
4.999517
4.995653
4.976348
4.941661
4.891699
4.826618
4.746618
4.651946
4.542896
4.419803
4.28305
4.133057
3.97029
3.795251
3.60848
3.410557
3.202091
2.983728
2.756142
2.520037
2.276143
2.025214
1.768024
1.50537
1.238063
0.966929
0.692806
0.416542
0.138991
-0.138991
-0.416542
-0.692806
-0.966929
-1.238063
-1.50537
-1.768024
-2.025214
-2.276143
-2.520037
-2.756142
-2.983728
-3.202091
-3.410557
-3.60848
-3.795251
-3.97029
-4.133057
-4.28305
-4.419803
-4.542896
-4.651946
-4.746618
-4.826618
-4.891699
-4.941661
-4.976348
-4.995653
-4.999517
-4.987928
-4.960921
-4.918581
-4.861037
-4.788468
-4.701099
-4.599198
-4.483082
-4.353109
-4.20968
-4.05324
-3.884271
-3.703297
-3.510875
-3.307602
-3.094105
-2.871044
-2.639109
-2.399017
-2.15151
-1.897352
-1.63733
-1.372247
-1.102922
-0.830189
-0.554889
-0.277874
-7.105427e-015
0.277874
0.554889
0.830189
1.102922
1.372247
1.63733
1.897352
2.15151
2.399017
2.639109
2.871044
3.094105
3.307602
3.510875
3.703297
3.884271
4.05324
4.20968
4.353109
4.483082
4.599198
4.701099
4.788468
4.861037
4.918581
4.960921
4.987928
4.999517
4.995653
4.976348
4.941661
4.891699
4.826618
4.746618
4.651946
4.542896
4.419803
4.28305
4.133057
3.97029
3.795251
3.60848
3.410557
3.202091
2.983728
2.756142
2.520037
2.276143
2.025214
1.768024
1.50537
1.238063
0.966929
0.692806
0.416542
0.138991
-0.138991
-0.416542
-0.692806
-0.966929
-1.238063
-1.50537
-1.768024
-2.025214
-2.276143
-2.520037
-2.756142
-2.983728
-3.202091
-3.410557
-3.60848
-3.795251
-3.97029
-4.133057
-4.28305
-4.419803
-4.542896
-4.651946
-4.746618
-4.826618
-4.891699
-4.941661
-4.976348
-4.995653
-4.999517
-4.987928
-4.960921
-4.918581
-4.861037
-4.788468
-4.701099
-4.599198
-4.483082
-4.353109
-4.20968
-4.05324
-3.884271
-3.703297
-3.510875
-3.307602
-3.094105
-2.871044
-2.639109
-2.399017
-2.15151
-1.897352
-1.63733
-1.372247
-1.102922
-0.830189
-0.554889
-0.277874
-1.088019e-014
0.277874
0.554889
0.830189
1.102922
1.372247
1.63733
1.897352
2.15151
2.399017
2.639109
2.871044
3.094105
3.307602
3.510875
3.703297
3.884271
4.05324
4.20968
4.353109
4.483082
4.599198
4.701099
4.788468
4.861037
4.918581
4.960921
4.987928
4.999517
4.995653
4.976348
4.941661
4.891699
4.826618
4.746618
4.651946
4.542896
4.419803
4.28305
4.133057
3.97029
3.795251
3.60848
3.410557
3.202091
2.983728
2.756142
2.520037
2.276143
2.025214
1.768024
1.50537
1.238063
0.966929
0.692806
0.416542
0.138991
-0.138991
-0.416542
-0.692806
-0.966929
-1.238063
-1.50537
-1.768024
-2.025214
-2.276143
-2.520037
-2.756142
-2.983728
-3.202091
-3.410557
-3.60848
-3.795251
-3.97029
-4.133057
-4.28305
-4.419803
-4.542896
-4.651946
-4.746618
-4.826618
-4.891699
-4.941661
-4.976348
-4.995653
-4.999517
-4.987928
-4.960921
-4.918581
-4.861037
-4.788468
-4.701099
-4.599198
-4.483082
-4.353109
-4.20968
-4.05324
-3.884271
-3.703297
-3.510875
-3.307602
-3.094105
-2.871044
-2.639109
-2.399017
-2.15151
-1.897352
-1.63733
-1.372247
-1.102922
-0.830189
-0.554889
-0.277874
-1.54321e-014
0.277874
0.554889
0.830189
1.102922
1.372247
1.63733
1.897352
2.15151
2.399017
2.639109
2.871044
3.094105
3.307602
3.510875
3.703297
3.884271
4.05324
4.20968
4.353109
4.483082
4.599198
4.701099
4.788468
4.861037
4.918581
4.960921
4.987928
4.999517
4.995653
4.976348
4.941661
4.891699
4.826618
4.746618
4.651946
4.542896
4.419803
4.28305
4.133057
3.97029
3.795251
3.60848
3.410557
3.202091
2.983728
2.756142
2.520037
2.276143
2.025214
1.768024
1.50537
1.238063
0.966929
0.692806
0.416542
0.138991
-0.138991
-0.416542
-0.692806
-0.966929
-1.238063
-1.50537
-1.768024
-2.025214
-2.276143
-2.520037
-2.756142
-2.983728
-3.202091
-3.410557
-3.60848
-3.795251
-3.97029
-4.133057
-4.28305
-4.419803
-4.542896
-4.651946
-4.746618
-4.826618
-4.891699
-4.941661
-4.976348
-4.995653
-4.999517
-4.987928
-4.960921
-4.918581
-4.861037
-4.788468
-4.701099
-4.599198
-4.483082
-4.353109
-4.20968
-4.05324
-3.884271
-3.703297
-3.510875
-3.307602
-3.094105
-2.871044
-2.639109
-2.399017
-2.15151
-1.897352
-1.63733
-1.372247
-1.102922
-0.830189
-0.554889
-0.277874
-1.687539e-014
0.277874
0.554889
0.830189
1.102922
1.372247
1.63733
1.897352
2.15151
2.399017
2.639109
2.871044
3.094105
3.307602
3.510875
3.703297
3.884271
4.05324
4.20968
4.353109
4.483082
4.599198
4.701099
4.788468
4.861037
4.918581
4.960921
4.987928
4.999517
4.995653
4.976348
